8317
9505
398
4507
8116
5537
1511
2723
2433
5549
2756
7973
3549
4534
3923
5231
4156
9497
6289
9913
1194
8449
9193
6911
3900
24
3339
5141
6326
3079
7857
1112
4142
4601
4357
3629
6713
2390
7437
9473
1178
9361
8470
7016
9974
8327
798
1738
7998
3664
7317
4340
5086
746
6970
7138
9633
5308
6565
6553
2628
8334
7058
1289
1996
417
3145
2582
248
5960
8975
5468
8235
5139
3232
2204
3856
5757
5364
7965
389
7156
9308
9948
9531
9134
624
3245
4416
2912
2579
6836
3732
6949
8172
3728
9811
9280
1064
8898
7213
7935
258
5386
3894
7802
4617
1983
2397
368
2802
65
1839
4892
4427
1081
4376
1180
2133
2070
149
5442
7829
462
4811
1329
6610
7688
5697
3606
6993
9109
5934
2364
6546
1171
1730
4914
8304
1857
3140
2120
2229
3601
5415
8429
4011
1153
6758
4738
3949
363
6257
3382
1678
1803
3510
5643
2716
6872
8487
5745
1576
2524
7194
8417
6710
3016
9785
4493
6707
6932
6702
5374
907
9905
5769
8791
4993
1183
1945
7518
4874
3836
2814
7487
5170
3669
353
2013
602
3248
215
932
1898
4535
5495
2453
1303
2449
8442
346
1978
5955
5030
1946
8294
6524
3369
8472
7333
8861
9192
8738
4485
5072
9643
6271
8016
3175
3914
3778
4199
4187
6878
8845
8042
6411
1306
7844
3896
842
7252
8448
4391
5185
7084
2103
2093
7838
3721
825
8063
6222
6799
8603
3583
8302
5265
1236
850
6706
206
1287
8367
7092
915
8216
9623
3516
2854
2207
2339
4987
9839
512
1929
4361
6616
1928
2067
3098
1817
6393
1585
4543
1358
3498
1954
1681
6396
7506
6001
789
1206
8027
9353
7450
4440
9838
1619
921
6234
9021
444
718
7184
9819
1051
226
9517
7103
2100
2183
9129
7294
8088
3255
3376
6071
9615
7812
3127
8678
8479
9769
1498
2214
6697
1129
8233
7115
5082
259
3300
1909
8607
5287
7879
8146
4137
6277
7615
6000
2951
234
9777
4371
4084
8706
2451
9213
3077
4783
5556
3713
244
3618
5803
9006
2121
6640
9401
9283
4104
9638
3211
770
701
8659
4531
6317
9645
2885
4306
8258
8877
5964
557
2110
8157
4632
9120
6025
9197
6044
3130
5326
9363
2660
7356
6806
600
4422
1210
7285
1550
8972
7607
4587
2528
6811
6773
1548
1425
5773
1533
3887
4321
175
1781
5050
7934
2713
2698
2359
7127
5996
4964
2252
7888
8314
620
2925
1225
6814
7262
420
835
9595
1807
668
2286
35
6760
4191
8370
1389
4856
5987
2386
1481
5134
9286
3287
9343
2692
9941
1170
3567
7985
9929
5812
8420
6635
6733
5188
9866
4909
4194
8640
7458
8483
438
2354
2251
898
5028
8114
782
6273
441
9553
2634
5249
8496
1106
2597
7936
4480
9765
4375
9536
5590
3639
49
3607
7909
2454
5912
7461
4429
5944
9661
3692
7085
5664
4877
5548
5834
2917
4039
3563
8676
6785
9242
3443
945
9428
3539
